Processing file: test_files/test_10vars.cnf.csv

--- Parsed CNF File: test_10vars.cnf.csv ---
Number of Variables: 10
Number of Clauses: 30
Clauses: [[6, -7], [7, 10], [-8, 10], [-3, 6], [-5, 8], [7, 6], [-7, 9], [-2, -5], [-10, -7], [1, 2], [-8, 10], [9, 3], [-2, -1], [9, -6], [-5, 8], [-3, -7], [-10, -9], [-6, 5], [8, 4], [-1, -8], [5, 10], [-8, 2], [5, 8], [7, -6], [1, 6], [3, -5], [-2, -3], [-8, -9], [4, 2], [1, 8]]

--- Implication Graph for test_10vars.cnf.csv ---
-6: [-7, -3, 7, 1]
7: [6, 9, -10, -3]
-7: [10, 6, -6]
-10: [7, -8, -8, 5]
8: [10, 10, -1, 2, -9]
3: [6, -7, -2]
5: [8, -2, 8, 3]
-8: [-5, -5, 4, 5, 1]
-9: [-7, 3, -6]
2: [-5, -1, -3]
10: [-7, -9]
-1: [2, 6, 8]
-2: [1, -8, 4]
-3: [9, -5]
1: [-2, -8]
6: [9, 5, 7]
9: [-10, -8]
-5: [-6, 10, 8]
-4: [8, 2]
4: []

--- Strongly Connected Components (SCCs) for test_10vars.cnf.csv ---
SCC: [-4]
SCC: [1, -2, -1, -5, 8, 2, -3, 6, 9, -8, 5, 10, -9, 3, -7, -6, 7, -10]
SCC: [4]

----------------------------------------
Processing file: test_files/test_50vars.cnf.csv

--- Parsed CNF File: test_50vars.cnf.csv ---
Number of Variables: 50
Number of Clauses: 75
Clauses: [[10, 2], [-15, 17], [-22, 13], [-31, -8], [-7, -48], [6, -36], [-24, -21], [-38, 39], [-6, -13], [38, -1], [-9, 19], [-5, -19], [-23, -44], [-37, 24], [34, 23], [39, -19], [41, 31], [-27, 20], [-45, -28], [-14, -42], [5, -20], [-6, 21], [24, 9], [16, 23], [7, 43], [44, 21], [-23, 10], [-32, 49], [26, 24], [19, -32], [11, 37], [49, 43], [-39, 45], [34, 14], [-44, -46], [7, -42], [-25, 17], [44, 16], [34, 8], [44, -42], [44, 5], [-40, -47], [-19, -10], [-44, 11], [-32, 23], [-50, -8], [-29, 32], [37, 47], [32, 11], [-46, -5], [4, 48], [-45, 9], [1, -14], [-27, -34], [26, 31], [-43, -1], [-6, -44], [-40, -42], [-32, 27], [-23, 30], [-45, 3], [28, 6], [-14, -18], [16, -36], [-42, -7], [35, 19], [33, -49], [10, -32], [-22, 13], [2, 26], [-11, -2], [24, -35], [15, 36], [-33, -19], [44, -15]]

--- Implication Graph for test_50vars.cnf.csv ---
-10: [2, -23, -32]
-2: [10, 26]
15: [17, 44]
-17: [-15, -25]
22: [13, 13]
-13: [-22, -22]
31: [-8]
8: [-31, -50]
7: [-48, -42]
48: [-7]
-6: [-36, 28]
36: [6, 16]
24: [-21]
21: [-24]
38: [39]
-39: [-38, -19]
6: [-13, 21, -44]
13: [-6]
-38: [-1]
1: [38, -43]
9: [19]
-19: [-9, -32, 35]
5: [-19, -46]
19: [-5, 39, -10, -33]
23: [-44, 10, 30]
44: [-23, -46, 11, -6]
37: [24]
-24: [-37, 9, 26, -35]
-34: [23, 14, 8]
-23: [34, 16, -32]
-41: [31]
-31: [41, 26]
27: [20, -34]
-20: [-27]
45: [-28, 9, 3]
28: [-45]
14: [-42, 1, -18]
42: [-14, 7, 44, -40, -7]
-5: [-20, 44]
20: [5]
-21: [-6, 44]
-9: [24, -45]
-16: [23, 44, -36]
-7: [43, -42]
-43: [7, 49]
-44: [21, 16, -42, 5, -15]
32: [49, 19, 23, 27, 10]
-49: [-32, 43]
-26: [24, 31, 2]
-11: [37, -44, 32]
-37: [11, 47]
39: [45]
-45: [-39]
-14: [34]
46: [-44, -5]
25: [17]
-8: [34]
40: [-47, -42]
47: [-40]
10: [-19]
50: [-8]
29: [32]
-32: [-29, 11]
-47: [37]
-4: [48]
-48: [4]
-1: [-14]
34: [-27]
43: [-1]
-27: [-32]
-30: [-23]
-3: [-45]
-28: [6]
18: [-14]
-35: [19]
-33: [-49]
49: [33]
11: [-2]
2: [-11]
35: [24]
-15: [36]
-36: [15]
33: [-19]
-50: []
-29: []
17: []
16: []
-46: []
26: []
4: []
-40: []
-22: []
3: []
30: []
-42: []
-18: []
41: []
-25: []
-12: []
12: []

--- Strongly Connected Components (SCCs) for test_50vars.cnf.csv ---
SCC: [50]
SCC: [46]
SCC: [42]
SCC: [40]
SCC: [29]
SCC: [25]
SCC: [22]
SCC: [18]
SCC: [13]
SCC: [12]
SCC: [-3]
SCC: [-4]
SCC: [48]
SCC: [-7]
SCC: [-12]
SCC: [-16]
SCC: [-17]
SCC: [-25]
SCC: [-26]
SCC: [-30]
SCC: [-41]
SCC: [31]
SCC: [-8]
SCC: [-15, 36, 21, -24, 9, -35, 19, -10, 2, -11, 32, 27, -34, 14, 1, 38, 39, 45, -28, 6, 23, -44]
SCC: [-33]
SCC: [8]
SCC: [-31]
SCC: [41]
SCC: [-18]
SCC: [-43]
SCC: [7]
SCC: [-42]
SCC: [20]
SCC: [5]
SCC: [30]
SCC: [49]
SCC: [33]
SCC: [3]
SCC: [-13]
SCC: [-22]
SCC: [-5]
SCC: [-20]
SCC: [-37]
SCC: [47]
SCC: [-40]
SCC: [-47]
SCC: [37]
SCC: [-48]
SCC: [4]
SCC: [-49]
SCC: [43]
SCC: [-36, 15, -9, 35, 24, -21, 44, -6, 28, -45, -39, 11, -2, 10, -19, -23, -38, -1, -14, 34, -27, -32]
SCC: [26]
SCC: [-46]
SCC: [16]
SCC: [17]
SCC: [-29]
SCC: [-50]

----------------------------------------
Processing file: test_files/test_100vars.cnf.csv

--- Parsed CNF File: test_100vars.cnf.csv ---
Number of Variables: 100
Number of Clauses: 150
Clauses: [[-77, -100], [-24, 81], [49, -87], [-32, 51], [-16, 21], [-55, 5], [-75, -63], [-65, -61], [29, -83], [-82, -89], [-83, -23], [-17, 64], [66, -10], [-74, 70], [-21, 64], [-63, 80], [27, 75], [3, 23], [-18, -10], [-79, 30], [-46, -2], [33, -45], [89, -39], [-98, -74], [46, -45], [-14, -51], [5, 4], [-56, 59], [82, 85], [24, -53], [-3, -72], [-8, -3], [91, -88], [38, 83], [100, 59], [-8, 70], [-98, -34], [43, -63], [95, 5], [-43, 10], [-70, -16], [9, 13], [-63, -25], [-14, 74], [-19, -80], [-6, 24], [-76, 24], [-56, -40], [100, -38], [40, -52], [-86, 9], [84, 69], [89, 47], [-72, 71], [-91, -100], [-41, 90], [50, -74], [94, 51], [-90, 15], [76, 91], [-64, -1], [-22, 77], [-36, -4], [78, 11], [14, -25], [-58, -75], [-78, -98], [-84, 41], [13, -41], [-41, 86], [-40, 59], [-90, -3], [-33, -90], [40, -43], [-61, 83], [46, -40], [89, 22], [-42, 68], [-98, -66], [81, 76], [67, -15], [39, -81], [5, -1], [-91, -17], [-84, -54], [21, -47], [81, -13], [10, 25], [18, -97], [-48, 54], [42, 33], [-36, -98], [42, -29], [-73, 40], [79, 53], [-93, 34], [42, 94], [78, 77], [36, -3], [58, -10], [45, 64], [50, 71], [-4, -25], [-52, 50], [56, 64], [-5, -67], [-18, -66], [-75, -87], [55, 94], [5, -67], [41, 70], [81, -69], [28, -39], [77, -56], [66, 92], [87, -74], [-21, -96], [-78, -16], [-29, -76], [-35, -28], [-68, 63], [-46, -96], [-17, -57], [95, 13], [58, 64], [78, -26], [93, 64], [-6, -60], [33, -71], [-55, 17], [-40, -56], [-74, 59], [99, -30], [-34, -41], [97, 62], [89, 14], [-10, -31], [-7, 33], [-69, 79], [98, 46], [68, -69], [9, 6], [-69, -47], [13, -58], [-8, 100], [57, -12], [65, -46], [36, 91], [-3, 44], [-20, -35]]

--- Implication Graph for test_100vars.cnf.csv ---
77: [-100]
100: [-77, -91]
24: [81]
-81: [-24, 76, -13, -69]
-49: [-87]
87: [49, -75]
32: [51]
-51: [-32, 94]
16: [21, -70, -78]
-21: [-16, -47]
55: [5, 17]
-5: [-55, 4, 95, -1, -67]
75: [-63, -58, -87]
63: [-75, 80, 43, -25]
65: [-61]
61: [-65, 83]
-29: [-83]
83: [29, -23]
82: [-89]
89: [-82]
23: [-83]
17: [64, -91, -57]
-64: [-17, -21, 45, 56, 58, 93]
-66: [-10, 92]
10: [66, -18, 58, -31]
74: [70, -98, 50, 87, 59]
-70: [-74, -8, 41]
21: [64, -96]
-80: [-63]
-27: [75]
-75: [27]
-3: [23]
-23: [3]
18: [-10, -66]
79: [30]
-30: [-79]
46: [-2, -96, 65]
2: [-46]
-33: [-45, 42, -71, -7]
45: [33, 46]
-89: [-39, 47, 22, 14]
39: [89, 28]
98: [-74, -34, -78, -66, -36]
-46: [-45, -40, 98]
14: [-51, 74]
51: [-14]
-4: [5]
56: [59, -40, 77, -40]
-59: [-56, 100, -40, -74]
-82: [85]
-85: [82]
-24: [-53, -6, -76]
53: [24]
3: [-72, -8, -90, 36, 44]
72: [-3, 71]
8: [-3, 70, 100]
-91: [-88, 76, 36]
88: [91]
-38: [83]
-83: [38, -61]
-100: [59, -38, -8]
34: [-98, -41]
-43: [-63]
-95: [5, 13]
43: [10, 40]
-10: [-43, 25]
70: [-16]
-9: [13, -86, 6]
-13: [9, -41, 95, -58]
25: [-63, 14, -4]
-74: [-14]
19: [-80]
80: [-19]
6: [24, -60]
76: [24, -29]
40: [-56, 59, 46, -56]
38: [100]
-40: [-52, -43, -73]
52: [40, 50]
86: [9]
-84: [69]
-69: [84]
-47: [89]
-71: [-72, 50]
91: [-100, -17]
41: [90, 13, 86, -34]
-90: [-41]
-50: [-74, 71, -52]
-94: [51, 42, 55]
90: [15, -3, -33]
-15: [-90]
-76: [91, 81]
64: [-1]
1: [-64, 5]
22: [77]
-77: [-22, 78, -56]
36: [-4, -98]
4: [-36, -25]
-78: [11, 77, -26]
-11: [78]
-14: [-25, 89]
58: [-75, 13]
78: [-98, -16]
84: [41, -54]
-41: [-84, 70]
-86: [-41]
33: [-90]
-22: [89]
42: [68]
-68: [-42, -69]
66: [-98, -18]
-67: [-15]
15: [67]
-39: [-81]
81: [39]
54: [-84]
47: [21, -69]
13: [81]
-25: [10]
-18: [-97]
97: [18]
48: [54]
-54: [-48]
-42: [33, -29, 94]
29: [42, -76]
73: [40]
-79: [53, -69]
-53: [79]
93: [34]
-34: [-93]
-36: [-3, 91]
-58: [-10, 64]
-45: [64]
-56: [64]
5: [-67]
67: [-5, 5]
-55: [94]
69: [81, 79, 68, -47]
-28: [-39]
-92: [66]
-87: [-74]
96: [-21, -46]
35: [-28, -20]
28: [-35]
68: [63]
-63: [-68]
57: [-17]
26: [78]
-93: [64]
60: [-6]
71: [33]
-17: [-55]
-99: [-30]
30: [99]
-97: [62]
-62: [97]
31: [-10]
7: [33]
-98: [46]
-6: [9]
-57: [-12]
12: [57]
-65: [-46]
-44: [-3]
20: [-35]
59: []
27: []
-19: []
-2: []
-96: []
-61: []
62: []
85: []
-35: []
-31: []
-1: []
94: []
-72: []
-8: []
99: []
-16: []
44: []
-88: []
95: []
50: []
-7: []
9: []
-48: []
-12: []
-32: []
49: []
11: []
-26: []
-73: []
92: []
-52: []
-60: []
-37: []
-20: []
37: []

--- Strongly Connected Components (SCCs) for test_100vars.cnf.csv ---
SCC: [96]
SCC: [88]
SCC: [73]
SCC: [72]
SCC: [61]
SCC: [60]
SCC: [52]
SCC: [48]
SCC: [54]
SCC: [37]
SCC: [35]
SCC: [32]
SCC: [31]
SCC: [26]
SCC: [20]
SCC: [19]
SCC: [16]
SCC: [12]
SCC: [57]
SCC: [8]
SCC: [7]
SCC: [2]
SCC: [1]
SCC: [-9]
SCC: [6]
SCC: [-11]
SCC: [-20]
SCC: [-27]
SCC: [75]
SCC: [-28]
SCC: [-37]
SCC: [-44]
SCC: [-49]
SCC: [-50]
SCC: [71]
SCC: [-59]
SCC: [-60]
SCC: [-62]
SCC: [97]
SCC: [18]
SCC: [-64]
SCC: [93]
SCC: [34]
SCC: [56]
SCC: [45]
SCC: [-21]
SCC: [-65]
SCC: [-46]
SCC: [98]
SCC: [-40]
SCC: [-52]
SCC: [-66]
SCC: [92]
SCC: [-70]
SCC: [-73]
SCC: [-78]
SCC: [-26]
SCC: [11]
SCC: [-80]
SCC: [-85]
SCC: [82]
SCC: [-86]
SCC: [-87]
SCC: [-74]
SCC: [-89]
SCC: [22]
SCC: [77]
SCC: [47]
SCC: [21]
SCC: [-39]
SCC: [-81]
SCC: [-13]
SCC: [-58]
SCC: [-10]
SCC: [25]
SCC: [14]
SCC: [74]
SCC: [87]
SCC: [49]
SCC: [-51]
SCC: [-32]
SCC: [-43]
SCC: [-63]
SCC: [-68]
SCC: [-42]
SCC: [33]
SCC: [-24]
SCC: [-6]
SCC: [-53]
SCC: [-92]
SCC: [-94]
SCC: [55]
SCC: [17]
SCC: [-57]
SCC: [-12]
SCC: [51]
SCC: [-14]
SCC: [-95]
SCC: [-99]
SCC: [-30]
SCC: [-79]
SCC: [-69]
SCC: [84]
SCC: [-54]
SCC: [-48]
SCC: [41]
SCC: [-34]
SCC: [-93]
SCC: [86]
SCC: [9]
SCC: [90]
SCC: [-33]
SCC: [-7]
SCC: [-71]
SCC: [50]
SCC: [-45]
SCC: [15]
SCC: [67]
SCC: [-5]
SCC: [95]
SCC: [4]
SCC: [-36]
SCC: [-3]
SCC: [23]
SCC: [38, 100, -91, 76, -29, -83]
SCC: [-88]
SCC: [-77]
SCC: [78]
SCC: [-22]
SCC: [53]
SCC: [24]
SCC: [-38, 83, 29, -76, 91, -100]
SCC: [-23]
SCC: [3]
SCC: [44]
SCC: [36]
SCC: [-4]
SCC: [5]
SCC: [-67]
SCC: [-15]
SCC: [-90]
SCC: [-41]
SCC: [70]
SCC: [-16]
SCC: [-84]
SCC: [69]
SCC: [-47]
SCC: [79]
SCC: [30]
SCC: [99]
SCC: [-8]
SCC: [-72]
SCC: [-17]
SCC: [-55]
SCC: [94]
SCC: [42]
SCC: [68]
SCC: [63]
SCC: [-25]
SCC: [43]
SCC: [40]
SCC: [-56]
SCC: [64]
SCC: [-1]
SCC: [10]
SCC: [-31]
SCC: [58]
SCC: [13]
SCC: [81]
SCC: [39]
SCC: [28]
SCC: [-35]
SCC: [89]
SCC: [-82]
SCC: [85]
SCC: [66]
SCC: [-18]
SCC: [-97]
SCC: [62]
SCC: [-98]
SCC: [46]
SCC: [65]
SCC: [-61]
SCC: [-96]
SCC: [-2]
SCC: [80]
SCC: [-19]
SCC: [-75]
SCC: [27]
SCC: [59]

----------------------------------------
Processing file: test_files/test_200vars.cnf.csv

--- Parsed CNF File: test_200vars.cnf.csv ---
Number of Variables: 200
Number of Clauses: 300
Clauses: [[-129, 163], [176, 120], [167, -3], [191, 49], [-58, -48], [135, -82], [-87, 49], [-62, -185], [147, -190], [-167, 172], [59, -23], [-4, 173], [-77, 130], [-102, 86], [138, 123], [-13, 59], [-83, -9], [-110, -66], [-95, -78], [-33, 82], [-52, -58], [82, -4], [59, -156], [198, -49], [111, 106], [-139, 119], [-176, 164], [-185, -62], [-141, 167], [66, 38], [61, -77], [24, -149], [82, 197], [70, -106], [-10, -134], [187, -28], [47, -46], [-179, 45], [-80, 10], [-72, 140], [193, -24], [181, -162], [169, -163], [-49, -48], [57, 33], [171, -88], [22, -82], [-86, 94], [-102, 138], [-124, 103], [-62, -193], [-146, 71], [-163, 125], [177, 178], [-97, -99], [121, -101], [110, 51], [130, 68], [157, 45], [-88, -98], [179, -137], [-60, 78], [71, 17], [168, 136], [145, -147], [-13, -146], [116, -15], [-105, 29], [158, -7], [-195, 139], [17, 119], [-72, 36], [31, -98], [173, -177], [-31, 175], [-167, -42], [-77, -94], [192, -129], [41, 183], [-67, -63], [146, 110], [128, 70], [-98, 160], [49, 118], [65, -144], [77, 172], [94, 149], [197, -15], [197, 14], [-79, -159], [-102, 63], [-165, -197], [-84, -52], [-108, 140], [-166, 123], [-178, 75], [-59, 91], [-80, -81], [-157, -179], [98, 174], [83, -197], [-23, 41], [-63, -27], [-107, -140], [198, 22], [32, -87], [172, -186], [130, 115], [-3, 176], [-50, -105], [54, 172], [-111, -190], [-92, 175], [-167, -159], [3, 120], [38, -28], [-157, 42], [-9, 126], [-77, -62], [-112, -9], [110, 136], [194, 57], [59, 90], [-140, -69], [-106, 186], [116, 103], [17, 80], [-197, -85], [62, 186], [73, 37], [-155, -100], [90, -76], [160, 113], [-63, -153], [49, -47], [1, 152], [31, 71], [10, -130], [2, -141], [-169, 11], [-111, -101], [-150, -90], [-97, -184], [-118, 82], [69, 38], [-102, 99], [184, 43], [-77, 149], [-87, 119], [-74, -70], [-87, -76], [-74, -114], [-135, -11], [-5, 166], [40, -177], [105, -47], [-78, 148], [102, 24], [-180, -154], [-200, -63], [-137, -188], [71, 2], [-40, 62], [-98, -56], [31, -193], [-13, -171], [37, -73], [-166, -102], [-158, 165], [-84, -136], [-184, -196], [37, -93], [-67, 40], [190, -72], [-103, 78], [-100, -181], [-7, -102], [157, 32], [94, -170], [-134, 139], [-85, 57], [167, -28], [8, 33], [-40, 64], [-164, -42], [42, -143], [41, -25], [-35, 42], [81, 84], [148, -63], [-95, -51], [-20, -195], [-14, 72], [145, 136], [72, -60], [115, 128], [54, 190], [36, 146], [-67, 191], [-45, -52], [-173, -174], [-1, -165], [-135, 35], [-96, 21], [-120, 114], [149, 190], [160, -195], [114, 134], [-61, 121], [-48, 30], [-64, 56], [-184, 125], [71, 138], [11, 83], [-87, 136], [-49, -187], [49, -9], [171, -25], [-105, -41], [-50, 171], [-186, -47], [71, -13], [67, 1], [126, 194], [111, 131], [129, -143], [-6, 158], [188, -86], [-73, 123], [116, 71], [134, 168], [-39, -156], [102, 13], [-68, 36], [-2, 98], [-37, 152], [48, 95], [-59, -171], [-20, 28], [-4, 105], [97, 54], [194, 3], [50, -153], [-84, 62], [179, 156], [-128, 167], [50, -159], [-26, 187], [-32, 168], [-94, 89], [135, 90], [115, -147], [184, -147], [-184, -33], [53, 67], [-114, 42], [-190, -181], [-169, -121], [-48, -173], [-111, 70], [84, -80], [-185, -150], [-4, 117], [-73, -93], [-79, -54], [-189, -58], [-10, 104], [172, 165], [-43, 110], [190, 121], [-10, -141], [142, -32], [21, -105], [51, -26], [-35, 150], [-127, 124], [45, 152], [-119, -92], [-67, 139], [-11, 113], [-66, -52], [-106, 109], [177, -83], [1, 91], [73, 36], [-55, 69], [-92, 37], [111, -97], [-54, -106], [159, 27], [11, 146], [177, 186], [-12, -158], [-139, -1], [22, 181], [-31, -198], [-5, 171], [31, 86], [16, -36], [182, 4]]

--- Implication Graph for test_200vars.cnf.csv ---
129: [163, 192]
-163: [-129]
-176: [120, -3]
-120: [176, 3]
-167: [-3, -141, -28, -128]
3: [167, 176]
-191: [49, -67]
-49: [191, -87, 118, -47, -9]
58: [-48, -52, -189]
48: [-58, -49, 30, -173]
-135: [-82, 90]
82: [135, 22]
87: [49, 32, 119, -76, 136]
62: [-185, -185, -193, -77]
185: [-62, -62, -150]
-147: [-190]
190: [147, -111, -181]
167: [172, -42, -159]
-172: [-167, 77, -186, 54, 165]
-59: [-23, -13, -156, 90]
23: [59, 41]
4: [173, 82, 105, 117]
-173: [-4, -177]
77: [130, 61, -94, -62, 149]
-130: [-77, 68, 115]
102: [86, 138, 63, 99, -166, -7]
-86: [-102, 31]
-138: [123, -102, 71]
-123: [138, -166, -73]
13: [59, -146, -171, 71]
83: [-9, 177]
9: [-83, 126, -112, 49]
110: [-66]
66: [-110, -52]
95: [-78, -51]
78: [-95, 148]
33: [82, -184]
-82: [-33, -4, 197, -118]
52: [-58, -84, -45, -66]
156: [59, -39]
-198: [-49, 22]
49: [198, -48, -187]
-111: [106, 131, -97]
-106: [111]
139: [119, -1]
-119: [-139, 17, -87]
176: [164]
-164: [-176]
141: [167, 2, -10]
-66: [38]
-38: [66, -28, 69]
-61: [-77]
-24: [-149, 102]
149: [24]
-197: [82, -15, 14]
-70: [-106, 128, -111]
106: [70, 186, 109, -54]
10: [-134, 104, -141]
134: [-10, 139]
-187: [-28, -26]
28: [187, 38, 167]
-47: [-46]
46: [47]
179: [45, -157]
-45: [-179, 157, 152]
80: [10, -81, 84]
-10: [-80, -130]
72: [140, 36, 190]
-140: [-72, -108]
-193: [-24]
24: [193]
-181: [-162, 22]
162: [181]
-169: [-163]
163: [169, 125]
-57: [33, 194, -85]
-33: [57, 8]
-171: [-88, -25, -50, -5]
88: [171, -98]
-22: [-82, 198, 181]
86: [94, 188]
-94: [-86, 149, -170]
124: [103]
-103: [-124, 116]
193: [-62, 31]
146: [71, -13]
-71: [-146, 17, 31, 2, 138, -13, 116]
-125: [-163, -184]
-177: [178, -83, 186]
-178: [177]
97: [-99, -184, 111]
99: [-97]
-121: [-101, -61, 190]
101: [121, -111]
-110: [51, 146, 136, -43]
-51: [110, -26]
-68: [130]
-157: [45, 32]
98: [-88, 31, 160, -56]
-179: [-137, 156]
137: [179, -188]
60: [78, 72]
-78: [-60, -103]
-17: [71, 119, 80]
-168: [136, 134, -32]
-136: [168, 110, 145, -87]
-145: [-147, 136]
147: [145, 115, 184]
-116: [-15, 103, 71]
15: [116, 197]
105: [29, -50, -41, 21]
-29: [-105]
-158: [-7, -6]
7: [158, -102]
195: [139, -20, 160]
-139: [-195, -134, -67]
-36: [-72, 146, -68, 73]
-31: [-98, 71, -193, 86]
177: [173, 40]
31: [175, -198]
-175: [-31, -92]
42: [-167, -164]
94: [-77, 89]
-192: [-129]
-41: [183, -23, -25]
-183: [41]
67: [-63, 40, 191, 139]
63: [-67, -27, -153, -200, 148]
-146: [110, 36, 11]
-128: [70, 115]
-160: [-98, 113, -195]
-118: [49]
-65: [-144]
144: [65]
-77: [172]
-149: [94, -77, 190]
-14: [197]
79: [-159, -54]
159: [-79, -167, 50]
-63: [-102]
165: [-197, -1]
197: [-165, 83, -85]
84: [-52, -136, 62]
108: [140]
166: [123, -102]
178: [75]
-75: [-178]
59: [91, -171]
-91: [-59, 1]
81: [-80]
157: [-179, 42]
-98: [174, -2]
-174: [98]
-83: [-197, 11]
27: [-63]
107: [-140]
140: [-107, -69]
-32: [-87, 157]
186: [172, -47]
-115: [130, 128, -147]
50: [-105, 171]
-54: [172, 190, 97]
111: [-190, -101, 70]
92: [175, -119, 37]
-3: [120, 194]
-42: [-157, -143, -35, -114]
-126: [-9, 194]
112: [-9]
-194: [57, 126, 3]
-90: [59, -76, 135]
69: [-140]
-186: [-106, 62, 177]
-80: [17]
85: [-197, 57]
-62: [186, -40, -84]
-73: [37, 36]
-37: [73, -73, -93, -92]
155: [-100]
100: [-155, -181]
76: [90, -87]
-113: [160, -11]
153: [-63, 50]
47: [49, 105, -186]
-1: [152, 67, 91]
-152: [1, -37, 45]
130: [10]
-2: [-141, 71]
169: [11, -121]
-11: [-169, 83, 146]
150: [-90, -185]
90: [-150]
184: [-97, -196, 125, -33]
118: [82]
-69: [38, -55]
-99: [-102]
-184: [43, -147]
-43: [184]
74: [-70, -114]
70: [-74]
114: [-74, 42]
135: [-11, 35]
11: [-135, 113]
5: [166, 171]
-166: [-5]
-40: [-177, -67]
-105: [-47, -4]
-148: [-78, -63]
-102: [24, 13]
180: [-154]
154: [-180]
200: [-63]
188: [-137]
40: [62, 64]
56: [-98]
171: [-13, -59]
73: [37, 123, -93]
158: [165, -12]
-165: [-158, 172]
136: [-84]
196: [-184]
93: [37, -73]
-190: [-72, 54, 149, 121]
103: [78]
181: [-100, -190]
170: [94]
-8: [33]
-64: [-40]
164: [-42]
143: [42, 129]
25: [41, 171]
35: [42, 150]
-81: [84]
-84: [81, -80]
51: [-95]
20: [-195, 28]
14: [72]
-72: [-14, -60]
45: [-52]
173: [-174, -48]
174: [-173]
1: [-165, -139]
-35: [-135]
96: [21]
-21: [-96, -105]
120: [114]
-114: [-120, 134]
-134: [114, 168]
61: [121]
-30: [-48]
64: [56]
-56: [-64]
187: [-49]
41: [-105]
-67: [1, 53]
-131: [111]
-129: [-143]
6: [158]
-188: [-86]
39: [-156]
-13: [102]
68: [36]
2: [98]
37: [152]
-48: [95]
-95: [48]
-28: [-20]
-97: [54]
-50: [-153, -159]
-156: [179]
128: [167]
26: [187, 51]
32: [168, 142]
-89: [-94]
-53: [67]
121: [-169]
-117: [-4]
54: [-79, -106]
189: [-58]
-104: [-10]
43: [110]
-142: [-32]
-150: [-35]
127: [124]
-124: [-127]
119: [-92]
-109: [-106]
55: [69]
-159: [27]
-27: [159]
12: [-158]
198: [-31]
-16: [-36]
36: [16]
-182: [4]
-4: [182]
-200: []
-199: []
191: []
-87: []
-143: []
-9: []
-88: []
175: []
160: []
75: []
-15: []
-107: []
38: []
-55: []
16: []
145: []
115: []
-79: []
-7: []
-6: []
172: []
-85: []
-60: []
-46: []
17: []
-101: []
-74: []
-196: []
125: []
57: []
8: []
109: []
91: []
-25: []
-153: []
-5: []
182: []
-141: []
71: []
89: []
-137: []
138: []
-195: []
194: []
-20: []
168: []
53: []
-23: []
-52: []
142: []
148: []
-127: []
116: []
-26: []
113: []
131: []
-162: []
22: []
-185: []
-76: []
126: []
-92: []
152: []
-189: []
29: []
183: []
21: []
117: []
-180: []
-39: []
104: []
-170: []
-161: []
-155: []
-154: []
123: []
-93: []
-151: []
-144: []
-108: []
-133: []
-132: []
-122: []
-58: []
30: []
-112: []
-100: []
-96: []
-44: []
-34: []
-19: []
-18: []
-12: []
18: []
19: []
34: []
44: []
65: []
122: []
192: []
132: []
133: []
151: []
161: []
199: []

--- Strongly Connected Components (SCCs) for test_200vars.cnf.csv ---
SCC: [200]
SCC: [199]
SCC: [196]
SCC: [195]
SCC: [189]
SCC: [185]
SCC: [180]
SCC: [170]
SCC: [162]
SCC: [161]
SCC: [155]
SCC: [154]
SCC: [153]
SCC: [151]
SCC: [144]
SCC: [143]
SCC: [141]
SCC: [137]
SCC: [133]
SCC: [132]
SCC: [129]
SCC: [192]
SCC: [163]
SCC: [169]
SCC: [127]
SCC: [124]
SCC: [122]
SCC: [112]
SCC: [108]
SCC: [107]
SCC: [101]
SCC: [100]
SCC: [96]
SCC: [93]
SCC: [92]
SCC: [88]
SCC: [87]
SCC: [85]
SCC: [79]
SCC: [76]
SCC: [74]
SCC: [65]
SCC: [60]
SCC: [58]
SCC: [55]
SCC: [52]
SCC: [46]
SCC: [47]
SCC: [44]
SCC: [39]
SCC: [34]
SCC: [26]
SCC: [25]
SCC: [23]
SCC: [20]
SCC: [28]
SCC: [187]
SCC: [19]
SCC: [18]
SCC: [15]
SCC: [12]
SCC: [9]
SCC: [7]
SCC: [6]
SCC: [158]
SCC: [5]
SCC: [166]
SCC: [-8]
SCC: [-12]
SCC: [-16]
SCC: [-17]
SCC: [80]
SCC: [-18]
SCC: [-19]
SCC: [-21]
SCC: [-22]
SCC: [181]
SCC: [-29]
SCC: [-30]
SCC: [-34]
SCC: [-36]
SCC: [-38]
SCC: [69]
SCC: [66]
SCC: [-44]
SCC: [-45]
SCC: [-53]
SCC: [-57]
SCC: [33]
SCC: [-65]
SCC: [-68]
SCC: [-70]
SCC: [-71]
SCC: [2]
SCC: [-75]
SCC: [-81]
SCC: [84]
SCC: [-89]
SCC: [-91]
SCC: [-96]
SCC: [-100]
SCC: [-104]
SCC: [-109]
SCC: [-110]
SCC: [-43]
SCC: [51]
SCC: [-112]
SCC: [-113]
SCC: [-115]
SCC: [128]
SCC: [-116]
SCC: [103]
SCC: [78]
SCC: [-95]
SCC: [48]
SCC: [30]
SCC: [-58]
SCC: [-117]
SCC: [-119]
SCC: [-121]
SCC: [-61]
SCC: [-122]
SCC: [-123]
SCC: [-125]
SCC: [-126]
SCC: [-131]
SCC: [-132]
SCC: [-133]
SCC: [-136]
SCC: [-138]
SCC: [-140]
SCC: [-108]
SCC: [-142]
SCC: [-144]
SCC: [-145]
SCC: [-148]
SCC: [-151]
SCC: [-152]
SCC: [-37]
SCC: [-73]
SCC: [73]
SCC: [-93]
SCC: [123]
SCC: [37]
SCC: [-154]
SCC: [-155]
SCC: [-160]
SCC: [-161]
SCC: [-168]
SCC: [-32]
SCC: [157]
SCC: [136]
SCC: [-172]
SCC: [165]
SCC: [77]
SCC: [-94]
SCC: [-170]
SCC: [61]
SCC: [130]
SCC: [10]
SCC: [104]
SCC: [-175]
SCC: [-178]
SCC: [-179]
SCC: [156]
SCC: [-39]
SCC: [-180]
SCC: [-182]
SCC: [4]
SCC: [117]
SCC: [105]
SCC: [21]
SCC: [-41]
SCC: [183]
SCC: [29]
SCC: [-183]
SCC: [41]
SCC: [-186]
SCC: [-188]
SCC: [-86]
SCC: [-189]
SCC: [-191]
SCC: [-192]
SCC: [-194]
SCC: [167, 176, 164, -42, -114, -120, 3]
SCC: [134]
SCC: [-1, 67, 139]
SCC: [152]
SCC: [119]
SCC: [-92]
SCC: [-10]
SCC: [-130]
SCC: [68]
SCC: [126]
SCC: [-49, 118, 82, 135, 35, 150, -90, 59, -171, -50, -159, 27, -63, -99, -102, 13, -146, 11, -72, -14, 197, -11, 83, 177, 40, 62, -193, -24, 146, -13, 102, 63, -27, 159, 50, 171, -59, 90, -150, -35, -135, -82, -118, 49, 198, -31, 64, 56, -98, 174, -173, -62, 173, -174, 98, -56, -64, -40, -177, -83, -197, 14, 72, -149, 190, -111, 106, -54, 97, -184, -147, 99, 147, 184, -97, 54, -106, 111, -190, 149, 24, 193, 31, -198]
SCC: [-76]
SCC: [-185]
SCC: [-181]
SCC: [22]
SCC: [-162]
SCC: [131]
SCC: [43]
SCC: [113]
SCC: [-187]
SCC: [-48]
SCC: [95]
SCC: [-51]
SCC: [-26]
SCC: [-78]
SCC: [-103]
SCC: [116]
SCC: [-124]
SCC: [-127]
SCC: [-166]
SCC: [148]
SCC: [-156]
SCC: [179]
SCC: [-157]
SCC: [32]
SCC: [142]
SCC: [45]
SCC: [-52]
SCC: [-23]
SCC: [-105]
SCC: [1, -139, -67]
SCC: [53]
SCC: [-134]
SCC: [168]
SCC: [42, -164, -176, -167, -3, 120, 114]
SCC: [-128]
SCC: [-28]
SCC: [-20]
SCC: [194]
SCC: [-195]
SCC: [138]
SCC: [86]
SCC: [188]
SCC: [-137]
SCC: [94]
SCC: [89]
SCC: [-77]
SCC: [-2]
SCC: [71]
SCC: [-141]
SCC: [-4]
SCC: [182]
SCC: [110]
SCC: [-66]
SCC: [-5]
SCC: [-153]
SCC: [-25]
SCC: [91]
SCC: [109]
SCC: [-33]
SCC: [8]
SCC: [57]
SCC: [125]
SCC: [-196]
SCC: [70]
SCC: [-74]
SCC: [-101]
SCC: [121]
SCC: [-84]
SCC: [81]
SCC: [-80]
SCC: [17]
SCC: [186]
SCC: [-47]
SCC: [-46]
SCC: [-60]
SCC: [-85]
SCC: [-165]
SCC: [172]
SCC: [-158]
SCC: [-6]
SCC: [-7]
SCC: [-79]
SCC: [115]
SCC: [145]
SCC: [36]
SCC: [16]
SCC: [140]
SCC: [-69]
SCC: [-55]
SCC: [38]
SCC: [-107]
SCC: [-15]
SCC: [178]
SCC: [75]
SCC: [160]
SCC: [175]
SCC: [-88]
SCC: [-9]
SCC: [-169]
SCC: [-163]
SCC: [-129]
SCC: [-143]
SCC: [-87]
SCC: [191]
SCC: [-199]
SCC: [-200]

----------------------------------------
Processing file: test_files/test_500vars.cnf.csv

--- Parsed CNF File: test_500vars.cnf.csv ---
Number of Variables: 500
Number of Clauses: 1000
Clauses: [[214, -52], [-361, 490], [-436, 308], [195, -228], [-304, -87], [-198, -466], [218, 5], [-96, -263], [-474, -255], [-444, -266], [-379, 404], [218, 190], [-45, 416], [32, 177], [151, -91], [19, 41], [463, -46], [280, -405], [285, 342], [-270, 226], [409, 286], [-135, 210], [463, 433], [-401, 254], [384, -29], [-210, 478], [-368, 299], [-186, 271], [61, 386], [88, -15], [-237, -321], [-393, 461], [-104, 59], [-284, 268], [207, 366], [-145, 243], [361, -261], [-142, 178], [340, 440], [28, -165], [-15, 61], [235, -138], [84, -78], [-249, 441], [-492, 223], [134, -301], [362, -350], [-44, 174], [-71, -417], [390, 75], [209, 148], [-257, 307], [21, 276], [-416, 347], [-161, 322], [203, 147], [-347, 428], [-248, 209], [253, -250], [239, -455], [210, -494], [166, -172], [-42, 108], [102, -443], [-278, 129], [-53, 411], [117, -2], [373, -473], [-457, -396], [-384, -405], [-182, -154], [-256, 39], [-327, 338], [-83, 217], [278, -143], [-445, 360], [472, -183], [183, 214], [1, 308], [163, -83], [-462, -213], [-448, -400], [273, -421], [-91, 278], [-367, -76], [75, -414], [-392, 430], [-114, 193], [-77, -327], [363, -359], [66, 414], [-446, 264], [176, -321], [-250, 446], [414, -113], [-155, -369], [293, -141], [421, -384], [106, -161], [388, 20], [90, -348], [-360, -210], [-254, -130], [164, -376], [327, 187], [489, 343], [480, 198], [-407, 389], [-35, -262], [-381, 115], [166, -62], [81, 407], [2, -74], [-484, 239], [-291, -16], [283, -44], [-322, -144], [279, 21], [247, -67], [-25, -18], [-4, -21], [23, -210], [-303, -496], [139, -376], [2, 499], [-176, 162], [114, 184], [212, -287], [-219, -121], [-216, 8], [224, 221], [150, 176], [-377, -297], [359, 250], [299, -62], [6, -301], [-187, -466], [-176, 367], [1, 307], [-215, -224], [340, -73], [-174, -287], [-470, 4], [-16, 257], [-457, 393], [144, -341], [-190, 299], [-451, -24], [151, 122], [-113, -34], [146, -7], [222, -487], [-98, 420], [360, -424], [-260, -170], [-91, -54], [-308, 158], [264, -371], [74, 50], [-118, 140], [-431, 404], [-432, -486], [-457, 421], [-293, 276], [-56, -378], [-17, -311], [-8, 172], [252, -262], [-239, 143], [-346, 481], [-331, -274], [81, 21], [-114, 43], [-15, 174], [-328, 91], [128, 378], [47, 269], [-458, 346], [-223, 141], [-425, 329], [206, -467], [308, 253], [-110, 64], [-300, 205], [218, -282], [-376, -453], [136, 92], [-292, -69], [394, -5], [-216, -482], [490, 317], [-142, -146], [47, -296], [421, 253], [292, 260], [104, 116], [-114, -153], [-173, -379], [-25, 317], [-342, -15], [-305, 485], [-381, 347], [488, -30], [-383, 180], [382, 168], [-57, -445], [123, 441], [-414, 80], [233, 355], [283, 443], [-300, 88], [451, -80], [-353, 54], [86, 231], [116, 441], [-363, -244], [54, 155], [371, -211], [261, 433], [-411, 370], [464, 257], [428, 358], [439, -88], [-457, 380], [284, -243], [455, 231], [-100, 113], [-208, -263], [494, -455], [-371, 123], [194, -396], [400, 467], [428, 419], [-2, 167], [-332, 328], [-384, -106], [20, 227], [-27, -280], [87, -55], [228, -258], [-422, -279], [-268, 374], [-302, 470], [19, 372], [-263, 31], [-282, 67], [470, -461], [4, 498], [123, 83], [393, -159], [-48, 478], [264, -466], [-289, -56], [342, -28], [458, 30], [-252, 239], [482, -429], [-407, 229], [256, -71], [170, -237], [452, -236], [135, 231], [-237, -64], [494, 496], [421, 79], [-466, -250], [-447, 50], [-15, -79], [291, 349], [-398, 122], [-363, -249], [-374, 183], [-44, -199], [188, -472], [-141, -453], [-149, 105], [373, -292], [-17, 78], [425, 280], [-171, -455], [87, -5], [234, 271], [32, -99], [-328, 419], [-340, 105], [-294, 265], [11, 181], [-336, -157], [364, 379], [-210, 8], [-93, -167], [-242, -329], [-169, -178], [247, -4], [-204, 451], [-127, 165], [-248, -293], [-257, 54], [-230, 425], [-216, -108], [11, 312], [-444, -497], [431, 76], [-146, 231], [422, 207], [-386, 107], [319, 440], [-52, -71], [-195, 217], [336, -310], [-327, 184], [-303, -369], [-275, -29], [-489, -28], [153, -425], [-49, -140], [156, -188], [491, 73], [-153, 220], [252, 317], [-492, 449], [-265, -239], [99, 30], [-467, -68], [248, -313], [109, -314], [-166, 401], [182, -92], [13, -301], [332, -301], [-363, 427], [384, -449], [83, 215], [-106, 130], [398, -227], [-384, 370], [332, 273], [38, 164], [254, -45], [-61, 49], [-20, 426], [-401, 147], [488, -30], [143, 330], [-48, -112], [-186, -219], [183, 430], [207, 21], [-208, -99], [-357, -194], [-48, -418], [-167, -59], [278, -472], [-432, -396], [74, -356], [422, -459], [474, 233], [-183, 19], [421, 319], [-123, -47], [329, -70], [-372, 183], [458, -154], [356, 39], [199, 466], [-460, 170], [-314, -330], [-167, 21], [405, 454], [-341, -317], [-270, 327], [398, 65], [-74, 337], [85, -322], [236, 70], [-66, -286], [221, -62], [7, -227], [41, 204], [467, 86], [441, 361], [-53, -252], [-20, -54], [125, 309], [-108, -395], [272, 126], [336, 248], [56, 427], [-372, -438], [184, 410], [-384, -493], [45, 32], [-241, -237], [-281, -90], [-415, 274], [-85, 385], [-125, -392], [-79, -491], [291, -213], [-498, -206], [-257, -357], [-137, 273], [-320, 91], [-474, 355], [261, -482], [245, 351], [-114, -357], [28, 338], [-444, -23], [475, 130], [-91, -236], [153, -405], [228, -339], [-87, -231], [65, -179], [331, -445], [410, 9], [-344, 149], [-419, 187], [291, -420], [1, -58], [-390, -287], [-499, -351], [-306, -195], [-387, -499], [-465, 361], [101, 208], [-368, -434], [290, -325], [23, 237], [-330, -228], [216, 325], [59, -34], [-248, -79], [385, 170], [-77, -301], [464, 180], [481, 247], [349, -363], [94, -87], [-110, -500], [-347, -312], [-240, 154], [-69, 437], [-332, 109], [103, 483], [-187, -92], [289, 462], [122, -245], [-427, -484], [7, -20], [240, 429], [379, -354], [-126, 482], [236, -480], [-13, 98], [-111, -227], [-101, -355], [174, 389], [329, 24], [-379, 273], [-82, -99], [121, -37], [333, 232], [377, -485], [-389, 160], [466, -459], [-414, -474], [-130, 84], [320, 428], [-306, -241], [-210, -345], [296, 460], [39, 60], [81, 144], [-267, 182], [38, -462], [190, -94], [17, -8], [-111, -396], [66, 414], [-87, 55], [419, 372], [-375, 207], [124, 403], [286, -308], [425, 148], [-371, 179], [-43, 440], [-354, -24], [-83, 148], [241, -154], [-400, 445], [-75, 4], [-420, 131], [388, -83], [228, 419], [476, 129], [-100, -263], [-234, 372], [-419, -79], [-474, -292], [13, 486], [-34, 487], [392, 48], [-319, 457], [348, 409], [-376, -189], [127, 169], [-184, 18], [330, -273], [-104, -319], [235, 179], [-411, 383], [110, -465], [-485, -281], [-107, -484], [410, -213], [7, 96], [76, 152], [245, -498], [358, -30], [-454, -457], [138, -375], [-304, -491], [224, 265], [-38, -128], [-235, 205], [497, 323], [-34, 32], [-493, -63], [45, -483], [-190, -263], [-263, 315], [-349, -61], [-398, 489], [312, -491], [-179, 469], [434, -85], [-22, 280], [498, 155], [-187, -148], [-416, -342], [-297, -374], [-65, -338], [227, 316], [397, 106], [-183, 298], [-401, 355], [389, 74], [404, 478], [417, 5], [310, -447], [-295, 24], [495, 23], [483, -388], [233, 70], [9, -130], [-455, -160], [-300, 35], [-19, 338], [-283, -220], [213, 282], [-150, -152], [268, 423], [-340, 76], [297, 357], [83, 276], [247, 475], [-162, 404], [-111, 332], [76, 224], [-336, -161], [433, 236], [-253, -316], [-60, -377], [101, -120], [32, 51], [499, 399], [-409, -189], [96, -41], [-275, 172], [-17, 202], [193, -429], [183, 423], [218, -25], [446, -290], [-190, -345], [126, 405], [421, 279], [393, -77], [9, -85], [-32, -235], [96, -12], [-101, -65], [216, -470], [-499, 154], [67, -444], [-222, 239], [-174, -136], [-303, -172], [412, 93], [-241, -455], [44, -153], [-61, -177], [309, 476], [210, -488], [-65, 109], [-64, -67], [-487, 330], [24, -375], [-226, 41], [24, -80], [-277, 244], [-8, -474], [358, -114], [-399, -374], [-246, -29], [151, -3], [283, 83], [89, 119], [427, 46], [-477, 294], [-56, 483], [490, 465], [473, 383], [106, 72], [348, -315], [-19, 59], [339, -449], [-450, -358], [89, 150], [-3, -280], [-185, 424], [397, -430], [464, -45], [-358, -257], [-120, 9], [-451, -368], [-74, 73], [-348, -86], [-101, -324], [-491, 367], [-108, 275], [-306, 35], [-467, 270], [-163, 108], [-17, 447], [-286, 320], [472, 376], [195, -254], [-170, -171], [224, -401], [-119, 235], [480, 70], [-288, -313], [-434, 236], [-41, 381], [154, 54], [-177, 52], [149, -271], [281, 168], [330, 59], [385, 54], [412, 140], [-343, -78], [-131, -449], [419, -224], [-54, 323], [-300, 223], [358, 94], [334, 499], [-62, -40], [-396, -319], [485, -10], [57, -364], [-171, -291], [-325, 294], [-166, 141], [160, -342], [-299, 447], [-36, -357], [214, -154], [2, 433], [205, 245], [60, -402], [-329, -208], [-327, 107], [156, -287], [478, 123], [-171, 336], [-435, 301], [-299, 273], [-377, 159], [-464, -189], [80, 149], [233, -297], [385, 108], [-49, -68], [40, -301], [-245, -412], [311, 199], [274, -84], [-181, -493], [-408, 261], [32, 417], [-79, 359], [54, -387], [-269, 369], [14, 260], [-161, -42], [-181, -69], [-301, -469], [-441, 208], [-45, -451], [-490, 180], [334, -222], [152, 26], [85, 50], [380, -291], [-153, -298], [132, 450], [-473, 491], [-359, -493], [-489, -430], [-92, -313], [148, -117], [386, 360], [316, 496], [-293, 399], [471, -41], [242, 397], [488, 324], [-358, -392], [-428, -205], [-497, -225], [133, -384], [245, 36], [-261, -336], [86, 475], [368, -325], [-116, 60], [-252, -489], [190, -95], [-70, -8], [-450, 207], [111, 465], [21, 235], [-317, 252], [-148, -160], [-290, 471], [-477, 296], [488, -191], [269, -18], [-50, 167], [-93, 185], [419, -109], [-405, 264], [-288, -342], [246, 359], [421, -309], [-494, -458], [-170, 431], [165, 248], [-182, -437], [-12, -264], [-338, -423], [-231, 410], [-129, 337], [-203, 262], [43, -420], [-156, -142], [498, -145], [-377, -483], [216, 418], [77, -249], [341, 289], [336, 226], [-279, -357], [-292, 333], [-147, -383], [269, 173], [-114, 262], [-337, -352], [-345, 299], [276, 340], [-71, 53], [-232, 32], [376, 491], [-375, -78], [-364, 79], [-489, -230], [115, 201], [130, -352], [314, 146], [-72, -194], [-398, -149], [-29, -319], [-392, -281], [150, -358], [-468, -435], [-12, -261], [292, 327], [-491, -249], [134, -208], [57, -86], [479, 282], [379, -484], [-286, -313], [-301, -285], [293, 38], [-194, -395], [95, 88], [391, -7], [314, -412], [-453, -344], [-329, 429], [261, -435], [491, -206], [269, -484], [-284, -92], [-167, -495], [110, 17], [267, 126], [105, -195], [259, -436], [-5, 293], [-489, 94], [29, -77], [245, -29], [170, 440], [-215, -467], [235, 473], [195, 37], [327, 416], [308, -398], [71, 40], [-191, 293], [271, 162], [-186, -240], [340, -269], [282, -459], [59, -388], [247, 170], [359, -9], [-488, -239], [389, -261], [-93, -407], [238, -454], [366, 21], [-166, 131], [342, -350], [-378, -358], [110, 205], [-98, -309], [377, -418], [-356, -324], [-14, -406], [79, -104], [354, -16], [-97, 207], [107, 57], [-370, 417], [-363, 311], [307, -165], [7, 421], [-452, -285], [-124, 233], [-472, -59], [-203, -174], [332, -243], [-202, -366], [-305, 340], [-84, 417], [124, 282], [-407, -13], [-404, 88], [-295, -136], [-148, -411], [368, 164], [42, 60], [-254, -106], [-79, -298], [-198, -435], [-238, -141], [277, 25], [14, -177], [-83, 497], [-341, 194], [-84, -156], [-86, -45], [91, -144], [-414, -249], [461, -297], [-367, 429], [-479, -286], [402, 160], [-6, -59], [431, -153], [480, 300], [-403, 38], [-427, 456], [-105, -362], [326, -166], [-459, 235], [99, -386], [253, 422], [241, -204], [140, 81], [376, 425], [67, -415], [-309, -254], [100, -137], [262, -196], [-206, 65], [280, 83], [395, -421], [33, 4], [-123, 10], [23, 275], [-472, -201], [191, 16], [-406, 431], [-366, 326], [-426, 250], [-365, -318], [57, -10], [250, 192], [81, -406], [313, -321], [379, -328], [333, 263], [93, -297], [-86, -460], [40, 104], [-462, -132], [224, 189], [-228, -121], [5, -426], [-202, 378], [193, -433], [-366, -215], [417, -43], [316, -64], [190, -388], [325, 482], [114, -473], [-466, 157], [-191, 161], [236, -380], [71, 128], [194, 387], [-145, 389], [77, 128], [-324, 232], [253, 145], [146, -489], [406, -23], [287, 132], [36, 413], [194, -344], [-258, -456], [-316, 267], [-22, -454], [437, -150], [404, -28], [-28, 114], [427, -73], [236, 135], [2, -194], [-435, -106], [301, -68], [-395, -285], [-254, 413], [-276, 37], [131, -377], [-419, -109], [465, 378], [75, 458], [287, 269], [-303, -476], [-194, 30], [238, 459], [-287, -457], [-487, -195], [-124, -96], [369, -263], [-7, -499], [407, 146], [42, -249], [-338, -103], [280, -218], [-376, -364], [322, 158], [118, -62], [219, 10], [155, -319], [421, -374], [-252, 276], [4, 116]]

--- Implication Graph for test_500vars.cnf.csv ---
-214: [-52, 183, -154]
52: [214, -71]
361: [490]
-490: [-361, 317, 465]
436: [308, 259]
-308: [-436, 1, 253, -398]
-195: [-228, -254, 37]
228: [195, -330, -121]
304: [-87, -491]
87: [-304, -231, 94, 55]
198: [-466, -435]
466: [-198, -187, 264, -250, 157]
-218: [5, 190, -282, -25]
-5: [218, 417, -426]
96: [-263, -124]
263: [-96, -208, 31, -100, -190, 315, 369]
474: [-255, 355, -414, -292, -8]
255: [-474]
444: [-266, -497, -23, 67]
266: [-444]
379: [404, -173, 273]
-404: [-379, -431, 478, -162, -28]
-190: [218, -94, -95, -388]
45: [416, 254, 464, -451, -86]
-416: [-45, 327]
-32: [177, -99, 45, -34, 51, 417, -232]
-177: [32]
-151: [-91, 122, -3]
91: [151, 278, -54, -236]
-19: [41, 372, -183]
-41: [19, 204, -226]
-463: [-46, 433]
46: [463]
-280: [-405, 425, -22, 83, -218]
405: [280, -384, 153, 264]
-285: [342]
-342: [285, -28, -350]
270: [226, 327]
-226: [-270, 336]
-409: [286, 348]
-286: [409, -308]
135: [210]
-210: [-135, -494, -488]
-433: [463, 261, 236, 2]
401: [254, 147, 355, 224]
-254: [-401, -45]
-384: [-29, -449]
29: [384, -275, -246, -319, 245]
210: [478, -360, 23, 8, -345]
-478: [-210, -48, 404, 123]
368: [299, -434, -451]
-299: [-368, -62, -190, -345]
186: [271, -219, -240]
-271: [-186, 234, 162]
-61: [386, -15]
-386: [61, 360]
-88: [-15, -300, 95, -404]
15: [88, 61, 174, -342, -79]
237: [-321, 170, -64, -241]
321: [-237, 176, 313]
393: [461]
-461: [-393, -297]
104: [59, -319, 79]
-59: [-104, -34, -19, 330, -388]
284: [268, -92]
-268: [-284, 423]
-207: [366, 422, 21, -375, -450, -97]
-366: [207, 21]
145: [243, 498, 389]
-243: [-145]
-361: [-261, 441, -465]
261: [361, -336, -12, 389]
142: [178, -146, -156]
-178: [-142]
-340: [440, -73, 276, -269, -305]
-440: [340, 319, -43, 170]
-28: [-165, 338]
165: [28, 307]
-235: [-138, 179, -119, 21, 473, -459]
138: [235]
-84: [-78, -130]
78: [84, -343, -375]
249: [441, -363, 77, -491, -414, 42]
-441: [-249, 123, 116, 361]
492: [223, 449]
-223: [-492, -300]
-134: [-301, -208]
301: [134, 6, 13, 332, -77, 40, -469, -285]
-362: [-350]
350: [362, 342]
44: [174, 283, -199]
-174: [-44, -15, 389]
71: [-417, 256, -52, 53]
417: [-71]
-390: [75]
-75: [390, -414, 458]
-209: [148, -248]
-148: [209, 425, -83, -117]
257: [307, 54, -357, -358]
-307: [-257, 1, -165]
-21: [276, 279, 81, 207, -167, 235, 366]
-276: [21, -293, 83, 340, -252]
416: [347, -342]
-347: [-416, -381]
161: [322, 106, -336, -42]
-322: [-161, 158]
-203: [147]
-147: [203, -401]
347: [428, -312]
-428: [-347, 358, 419, 320]
248: [209, -293, -79]
-253: [-250, 308, 421, 422, 145]
250: [253, 446, -466]
-239: [-455, -484, -252, -222]
455: [239, 494, -171, -160, -241]
494: [210, -458]
-166: [-172, -62]
172: [166, -303]
42: [108, -161]
-108: [-42, -163, 385]
-102: [-443]
443: [102]
278: [129]
-129: [-278, 476]
53: [411, -252]
-411: [-53]
-117: [-2]
2: [117, 167]
-373: [-473, -292]
473: [373, 491, 114]
457: [-396, 393, 421, 380, -454, -287]
396: [-457, 194, -432, -111, -319]
384: [-405, 421, -106, 370, -493, 133]
182: [-154, -437]
154: [-182, 458, 241, 214]
256: [39]
-39: [-256, 356, 60]
327: [338, -77, 184, 107]
-338: [-327, 28, -19]
83: [217, 163, 148, 388, 497]
-217: [-83, -195]
-278: [-143, -91, -472]
143: [278]
445: [360, -57, 331]
-360: [-445, -424, 386]
-472: [-183, 376]
183: [472, 19, 298]
-183: [214, -374, 430, -372, 423]
-1: [308, 307, -58]
-163: [-83]
462: [-213, 38, -132]
213: [-462, 291, 410]
448: [-400]
400: [-448, 445]
-273: [-421, 332, -137, -379, -299]
421: [273, 395]
367: [-76, 429]
76: [-367]
414: [75, 80, -474, -249]
392: [430, -125, -358, -281]
-430: [-392, 183]
114: [193, 43, -153, -357, 358, 262]
-193: [-114, -429, -433]
77: [-327, -301, 393, 29]
-363: [-359]
359: [363, -493]
-66: [414, 414]
-414: [66, -113, 66]
446: [264]
-264: [-446, -371, -466, -405]
-176: [-321, 150]
-446: [-250, -290]
113: [414, -34]
155: [-369]
369: [-155, -303]
-293: [-141, 38, -5, -191]
141: [293, -453, -238]
-421: [-384, -457, 253, 79, 319, 279, -309, 7, -374]
-106: [-161, 397, 72]
-388: [20, -83]
-20: [388, 227]
-90: [-348]
348: [90, -86]
360: [-210]
254: [-130, 195, -106, -309, 413]
130: [-254, 84, 9]
-164: [-376, 38, 368]
376: [164, 139, -453, -189, -364]
-327: [187, -270, 292, 416]
-187: [327, -419]
-489: [343, -398]
-343: [489]
-480: [198, 70, 300]
-198: [480]
407: [389, 229, -93, -13]
-389: [-407, 174, 74, -261, -145]
35: [-262]
262: [-35, 252]
381: [115, 347]
-115: [-381, 201]
62: [166, 299, 221, -40, 118]
-81: [407, 21, 144, 140, -406]
-407: [81, 146]
-2: [-74, 499, 433, -194]
74: [2, 337, 73]
484: [239, -427, -107, 379, 269]
291: [-16, -171, 380]
16: [-291, 257, 354]
-283: [-44, 443, 83]
322: [-144, 85]
144: [-322, 91]
-279: [21, 421]
-247: [-67, -4, 481, 475, 170]
67: [247, -64]
25: [-18, 317, 218]
18: [-25, 269]
4: [-21, 247]
21: [-4]
-23: [-210, 237, 495, 275]
303: [-496, -369, -172, -476]
496: [-303]
-139: [-376]
-499: [2, 399, 334]
176: [162, 367]
-162: [-176, 271]
-114: [184, -473, -28]
-184: [114, -327, 410]
-212: [-287]
287: [212, -174, -390, 156, -457]
219: [-121, -186]
121: [-219, -228]
216: [8, -482, -108]
-8: [-216, -210]
-224: [221, 265, 76, -401, 189]
-221: [224, -62]
-150: [176, 89, -358]
377: [-297, -60, 159, -483, 131]
297: [-377, -374, 233, 461, 93]
-359: [250, -79, 246, -9]
-250: [359, -426, 192]
-6: [-301]
187: [-466, -92, -148]
-367: [-176, -491]
215: [-224, -467, -366]
224: [-215, 419]
73: [340, 427]
174: [-287, -136, -203]
470: [4, 216]
-4: [-470, 498, -75, 33, 116]
-257: [-16, 464]
-393: [-457, -159, -77]
-144: [-341, 81]
341: [144, -317, 194]
190: [299, -263, -345]
451: [-24, -368, -45]
24: [-451, -354]
-122: [151, -398, -245]
34: [-113, 59, 487, 32]
-146: [-7, 314, -489, 407]
7: [146, 391, -499]
-222: [-487]
487: [222, 330, -195]
98: [420, -309]
-420: [-98]
424: [360]
260: [-170]
170: [-260, -171, 431]
54: [-91, -20, 323]
308: [158, 286]
-158: [-308, 322]
371: [264, 123, 179]
-74: [50, -356, 389]
-50: [74, -447, 85]
118: [140]
-140: [-118, 412, 81]
431: [404]
432: [-486, -396]
486: [-432]
293: [276, -248, 399]
56: [-378, -289, 483]
378: [-56, -358]
17: [-311, 78, 202, 447]
311: [-17]
8: [172, 17, -474, -70]
-172: [-8, -275]
-252: [-262, 317, -317]
239: [143, -265, -488]
-143: [-239, 330]
346: [481]
-481: [-346, 247]
331: [-274]
274: [-331]
-43: [-114, -420]
328: [91, 419, 379]
-91: [-328, -320, -144]
-128: [378, 71, 77]
-378: [128, -202, 465]
-47: [269, -296]
-269: [47, -18, 173, -484, 287]
458: [346, -494]
-346: [-458]
223: [141]
-141: [-223, -166]
425: [329, 153]
-329: [-425, -70, 24]
-206: [-467]
467: [206, -68, 270, -215]
110: [64, -500]
-64: [-110]
300: [205, 88, 35, 223]
-205: [-300, -235, 245, 110]
282: [218, 67]
453: [-376, -141, -344]
-136: [92]
-92: [136]
292: [-69, 373, -474, 333]
69: [-292, 437, -181]
-394: [-5]
5: [394, 87, 293]
482: [-216, 261]
-317: [490, -25, 252]
146: [-142, 231]
296: [47]
-292: [260, 327]
-260: [292, 14]
-104: [116, 40]
-116: [104, 441, 4]
153: [-114, 220, 44, -298, 431]
173: [-379]
342: [-15, -416, 160, -288]
305: [485, 340]
-485: [-305, -10]
-488: [-30, -30, 324, -191]
30: [488, 488, 358]
383: [180, -147]
-180: [-383, 464, -490]
-382: [168]
-168: [382, 281]
57: [-445]
-123: [441, -371, 83, 478]
-80: [-414, 149]
-233: [355, 474, 70, -297, -124]
-355: [233, -474, -401]
-443: [283]
-451: [-80, -204]
80: [451, 24]
353: [54]
-54: [-353, 155, -257, 154, 385, -387]
-86: [231, 467, 475]
-231: [86, 455, 135, -146]
363: [-244, -249, 427, 349, 311]
244: [-363]
-155: [54, 498, -319]
-371: [-211]
211: [371]
-261: [433, -482, -408, -435]
411: [370, 383, -148]
-370: [-411, -384]
-464: [257, 180, -45]
-358: [428, -30, -114, 94]
-439: [-88]
88: [439]
-380: [-457, -291]
-284: [-243]
243: [284, 332]
-455: [231]
100: [113, -263]
-113: [-100]
208: [-263, -99, -329, 134]
-494: [-455, 496]
-194: [-396, -341, 387, -344]
-400: [467]
-467: [400, 86]
-419: [428, -328, 372, 228, -224, -109]
-167: [-2, -50]
332: [328, 109]
-328: [-332]
106: [-384, 130, -254, -435]
-227: [20, 316]
27: [-280]
280: [-27, -3]
-87: [-55, -5]
55: [87]
-228: [-258, -339, 419]
258: [228, -456]
422: [-279]
279: [-422, -357]
268: [374]
-374: [-268]
302: [470]
-470: [-302, -461]
-372: [19, 419, -234]
-31: [-263]
-67: [-282, -444, -415]
461: [470]
-498: [4, 155, -145]
-83: [123, 215, 276, 283, 280]
159: [393]
48: [478, -112, -418]
289: [-56]
28: [342, -489, 404, 114]
-458: [30, -154, 75]
-30: [458, 99, -194]
252: [239, -53, -489, 276]
-482: [-429, -126, 325]
429: [482, 193]
-229: [-407]
-256: [-71]
-170: [-237, -460, 385, 440, 247]
-452: [-236]
236: [452, -91]
-135: [231, 236]
64: [-237, -67, 316]
-496: [494, 316]
-79: [421, -364, -104]
447: [50, 310]
79: [-15, -491, -248, -419, 359, -298]
-291: [349, -213, -420]
-349: [291, -363]
398: [122, 489, -149, 308]
374: [183, -297, -399, 421]
199: [-44]
-188: [-472]
472: [188, 278, -59, -201]
149: [105, -398]
-105: [-149, -340, -195]
-78: [-17]
-425: [280, -230, 148, 376]
171: [-455, -170, -291, 336]
-234: [271]
99: [32, -208, -82]
340: [105, 76]
294: [265]
-265: [-294, 224]
-11: [181, 312]
-181: [11]
336: [-157, -161, -261]
157: [-336]
-364: [379]
-379: [364, -354, -484, -328]
93: [-167, 185, -407]
167: [-93, -59, 21, -495]
242: [-329]
329: [-242, -208, 429]
169: [-178]
178: [-169]
204: [451, 241]
127: [165]
-165: [-127, 248]
230: [425, -489]
108: [-216, -395, 275]
-312: [11, -491]
497: [-444, -225]
-431: [76, -170, -153, -406]
-76: [431, 152, -340, 224]
-422: [207, -459, 253]
386: [107, 99]
-107: [-386, -327, 57]
-319: [440, 421]
195: [217, -306, 105, -487]
-336: [-310, 248, -171, 226]
310: [336]
275: [-29, 172]
489: [-28, -430, -252, -230, 94, 146]
-153: [-425, -405]
49: [-140, -68]
140: [-49]
-156: [-188, -287]
188: [156]
-491: [73, -473, 376, -206]
-73: [491, -74]
-220: [-153]
-449: [-492]
265: [-239]
-99: [30, -386]
68: [-467, -49, 301]
-248: [-313, 336, 165]
313: [248, -288, -92, -286]
-109: [-314, -332, -65]
314: [109, -330]
166: [401, 141, 131, 326]
-401: [-166]
-182: [-92, -267]
92: [182, -187, -313, -284]
-13: [-301, 486]
-332: [-301, 273, -111, -243]
-427: [-363, 56, 46, -73]
449: [384, 339, -131]
-215: [83]
-130: [-106, 475, -352]
-398: [-227, 65]
227: [398, 7, -111]
-38: [164, -462, 293, -403]
61: [49, -349, -177]
-49: [-61]
20: [426, -54, 7]
-426: [-20]
-330: [143, -273, -487, 59]
112: [-48]
357: [-194, -257, -114, -36, -279]
194: [-357, -72, -395, 2, 30]
418: [-48, 377]
59: [-167, -472, -6]
356: [74, -324]
459: [422, 466, 282, 235]
-474: [233]
123: [-47, 10]
47: [-123]
70: [329, -8]
372: [183, -438]
-356: [39]
-199: [466, 311]
-466: [199, -459]
460: [170, -86]
330: [-314, -228]
-405: [454, 126]
-454: [405]
317: [-341, 252]
-65: [398, -179, -206]
-337: [-74, -129]
-85: [-322, 50]
-236: [70, -480, 433, -434, -380, 135]
-70: [236, 233, 480]
66: [-286]
286: [-66, 320, -313, -479]
-7: [-227, -20, 96, 421]
-204: [41]
-125: [309]
-309: [125, 476]
395: [-108, -194, -285]
-272: [126]
-126: [272, 405, 267]
-56: [427]
438: [-372]
-410: [184, 9, -213, -231]
493: [-384, -63, -181, -359]
-45: [32, -483]
241: [-237, -306, -455]
281: [-90, -485, -392]
90: [-281]
415: [274, 67]
-274: [-415, -84]
85: [385, 434, 9]
-385: [-85, 170, 54, 108]
125: [-392]
491: [-79, -304, 312, 367, -249]
498: [-206, 245]
206: [-498, 491, 65]
137: [273, 100]
320: [91]
-245: [351, -498, 205, 36, -29]
-351: [245]
23: [-444, 406]
-475: [130, 247, 86]
339: [228]
231: [-87, 410]
179: [65, 469]
-331: [-445]
-9: [410, -130, -85, -120]
344: [149, -453, 194]
-149: [-344, -271, 80]
419: [187, -79, -109]
420: [291, 131, 43]
58: [1]
390: [-287]
499: [-351, -387, 154, -7]
351: [-499]
306: [-195, -241, 35]
387: [-499, 54]
465: [361, 110]
-101: [208, -120]
-208: [101, -441]
434: [-368, 236]
-290: [-325]
325: [290, 294, 368]
-237: [23]
-216: [325, -470, 418]
-325: [216, 482]
-94: [-87, 358, -489]
500: [-110]
312: [-347]
240: [154, -186]
-154: [-240, -499, 54]
-437: [-69, -150]
-103: [483]
-483: [103, -388, -56]
-289: [462, 341]
-462: [289]
245: [122, -412]
427: [-484, 456]
-240: [429]
-429: [240, -329, -367]
354: [379, -24]
126: [482]
480: [236]
13: [98, -407]
-98: [-13]
111: [-227, -396, 332]
101: [-355, -65, -324]
355: [-101]
-24: [329, -295, -375, -80]
82: [-99]
-121: [-37]
37: [121]
-333: [232, -292, 263]
-232: [333, -324]
-377: [-485, -418]
485: [377, -281]
389: [160]
-160: [-389, -342, 402]
-320: [428, -286]
345: [-210, -190, 299]
-296: [460, -477]
-460: [296]
-60: [39, -402, -116, 42]
267: [182]
94: [190]
-17: [-8, 110]
-55: [-87]
375: [207, 138, 24, -78]
-124: [403, 282]
-403: [124]
-179: [-371, 235]
43: [440, 417]
-241: [-154, -204]
-445: [-400]
75: [4]
-131: [-420, -166, -377]
-476: [129, 309]
234: [372]
-486: [13]
-487: [-34]
-392: [48]
-48: [392]
319: [457, -104, -396, -29, 155]
-457: [-319]
-348: [409, -315]
189: [-376, -409, -464]
-127: [169]
-169: [127]
184: [18]
-18: [-184]
273: [330]
-383: [-411, 473]
-110: [-465, 17, 205]
107: [-484]
-96: [7, -41, -12]
-152: [76, 26]
454: [-457, 238, -22]
-138: [-375]
38: [-128]
128: [-38]
235: [205, -32]
-497: [323, -83]
-323: [497, -54]
63: [-493]
483: [45, -377]
-315: [-263]
349: [-61]
-469: [-179]
-434: [-85]
22: [280, -454]
148: [-187, -160, -411]
65: [-338, -101, 109]
338: [-65, -423, -103]
-316: [227, 496, -64]
-397: [106, -430, 242]
-298: [-183]
-417: [5, 32, -370, -84, -43]
-310: [-447]
295: [24, -136]
-495: [23]
388: [483, 59, 190]
160: [-455, -148]
-35: [-300, -306]
19: [338, 59]
283: [-220]
220: [-283]
-213: [282]
-282: [213, 479, -459, 124]
150: [-152, 437]
152: [-150]
-423: [268, 183]
-297: [357]
-357: [297]
162: [404]
253: [-316]
316: [-253, 267]
60: [-377]
120: [101, 9]
-51: [32]
-399: [499, -293]
409: [-189]
41: [96, 381, 471]
-202: [-17]
290: [446, 471]
32: [-235]
12: [96, -264, -261]
222: [239, 334]
136: [-174, -295]
-412: [93, 140]
-93: [412, -297]
-44: [-153]
177: [-61, 52, 14]
488: [210, -239]
226: [41]
277: [244]
-244: [-277]
399: [-374]
246: [-29]
3: [151, -280]
-89: [119, 150]
-119: [89]
-46: [427]
477: [294, 296]
-294: [-477, -325]
-465: [490, 111, 378]
-473: [383, 235]
-72: [106]
315: [348]
-339: [-449]
450: [-358, 207]
358: [-450, -257, -392, 150, -378]
185: [424]
-424: [-185]
430: [397, -489]
86: [-348, 57, -45, -460]
324: [-101, -356, 232]
-275: [-108, 23]
-270: [-467]
163: [108]
-447: [-17, -299]
-376: [472, 491, 425]
119: [235]
288: [-313, -342]
-381: [-41]
-52: [-177]
271: [149]
-281: [168]
343: [-78]
131: [-449]
-334: [499, -222]
40: [-62]
10: [485, 57]
-57: [-364, -86, 107, -10]
364: [57, 79, -376]
299: [447, 273]
36: [-357]
402: [60]
435: [301, -468, 261, -198, -106]
-301: [-435, -68]
-159: [-377]
464: [-189]
-40: [-301, 71, 104]
412: [-245, 314]
-311: [199, -363]
84: [274, 417, -156]
181: [-493, -69]
408: [261]
269: [369, 340]
-369: [-269, -263]
-14: [260, -177]
469: [-301]
441: [208]
490: [180]
-26: [152]
298: [-153, -79]
-132: [450, 287]
-450: [132]
117: [148]
-471: [-41, -290]
-242: [397]
-324: [488]
428: [-205]
205: [-428]
225: [-497]
-133: [-384]
-36: [245, 413]
-368: [-325, 164]
116: [60]
95: [190]
-111: [465]
191: [488, 293, 161]
50: [167]
-185: [-93]
109: [419, -419]
-246: [359]
309: [421, -98, -254]
437: [-182]
264: [-12]
423: [-338]
129: [337]
203: [262, -174]
-262: [-203, -114, -196]
156: [-142, -84]
-418: [216]
-77: [-249, 128]
-341: [289]
147: [-383]
-173: [269]
337: [-352]
352: [-337, 130]
-53: [-71]
232: [32]
-201: [115]
-314: [146, -412]
72: [-194]
468: [-435]
-479: [282]
285: [-301, -452, -395]
-95: [88]
-391: [-7]
495: [-167]
-267: [126, -316]
-259: [-436]
-29: [-77]
-37: [195, -276]
-71: [40, 128]
9: [359]
-238: [-454, 459]
14: [-406]
406: [-14, 431, 81]
-354: [-16]
97: [207]
370: [417]
452: [-285]
124: [233, -96]
202: [-366, 378]
366: [-202, 326, -215]
404: [88]
-42: [60, -249]
238: [-141]
-277: [25]
-25: [277]
479: [-286]
-402: [160]
6: [-59]
-300: [480]
403: [38]
-456: [-427]
105: [-362]
362: [-105]
-326: [-166, -366]
-100: [-137]
196: [262]
-395: [-421]
-33: [4]
-10: [-123, 219]
201: [-472]
-191: [16]
-16: [191]
426: [250, 5]
365: [-318]
318: [-365]
-192: [250]
-313: [-321]
-263: [333]
132: [-462]
-189: [224]
433: [193]
-157: [-466]
-161: [-191]
380: [236]
-387: [194]
-145: [253]
-406: [-23]
-287: [132, 269]
-413: [36, -254]
456: [-258]
276: [37]
476: [-303]
-459: [238]
103: [-338]
218: [280]
-118: [-62]
-219: [10]
-500: []
122: []
-142: []
209: []
-492: []
-15: []
-375: []
-27: []
-3: []
-230: []
164: []
139: []
-453: []
217: []
-12: []
471: []
-62: []
-484: []
-258: []
-396: []
-435: []
-68: []
207: []
391: []
180: []
-444: []
333: []
478: []
-305: []
-306: []
-350: []
-34: []
-302: []
440: []
-249: []
-448: []
-303: []
481: []
233: []
-321: []
26: []
397: []
247: []
394: []
-304: []
-352: []
-477: []
-171: []
81: []
-69: []
439: []
193: []
385: []
-493: []
214: []
-112: []
410: []
-295: []
-436: []
1: []
-137: []
-186: []
158: []
-120: []
-345: []
-432: []
39: []
373: []
-196: []
-22: []
133: []
115: []
11: []
272: []
102: []
475: []
192: []
-408: []
151: []
-353: []
51: []
307: []
221: []
168: []
-438: []
212: []
89: []
229: []
413: []
326: []
-82: []
-415: []
33: []
134: []
-211: []
323: []
-344: []
-225: []
-288: []
334: []
-468: []
463: []
-442: []
-365: []
-335: []
31: []
-318: []
-266: []
-255: []
-251: []
-97: []
-200: []
-197: []
-175: []
382: []
-63: []
-58: []
175: []
197: []
200: []
251: []
259: []
335: []
442: []

--- Strongly Connected Components (SCCs) for test_500vars.cnf.csv ---
SCC: [500]
SCC: [493]
SCC: [492]
SCC: [484]
SCC: [477]
SCC: [468]
SCC: [453]
SCC: [449]
SCC: [448]
SCC: [444]
SCC: [442]
SCC: [438]
SCC: [436]
SCC: [435]
SCC: [432]
SCC: [415]
SCC: [408]
SCC: [396]
SCC: [375]
SCC: [365]
SCC: [353]
SCC: [352]
SCC: [350]
SCC: [362]
SCC: [345]
SCC: [344]
SCC: [339]
SCC: [335]
SCC: [321]
SCC: [318]
SCC: [313]
SCC: [306]
SCC: [305]
SCC: [304]
SCC: [303]
SCC: [302]
SCC: [295]
SCC: [288]
SCC: [266]
SCC: [259]
SCC: [258]
SCC: [255]
SCC: [251]
SCC: [249]
SCC: [230]
SCC: [225]
SCC: [211]
SCC: [371]
SCC: [200]
SCC: [197]
SCC: [196]
SCC: [186]
SCC: [175]
SCC: [171]
SCC: [142]
SCC: [178]
SCC: [138]
SCC: [137]
SCC: [120]
SCC: [112]
SCC: [100]
SCC: [113]
SCC: [97]
SCC: [82]
SCC: [69]
SCC: [68]
SCC: [301]
SCC: [63]
SCC: [62]
SCC: [118]
SCC: [58]
SCC: [34]
SCC: [487]
SCC: [222]
SCC: [27]
SCC: [22]
SCC: [15]
SCC: [12]
SCC: [6]
SCC: [3]
SCC: [-1]
SCC: [-11]
SCC: [181]
SCC: [-26]
SCC: [-31]
SCC: [-33]
SCC: [-39]
SCC: [356]
SCC: [-40]
SCC: [-51]
SCC: [-58]
SCC: [-63]
SCC: [-81]
SCC: [-89]
SCC: [119]
SCC: [-102]
SCC: [-105]
SCC: [-107]
SCC: [-115]
SCC: [201]
SCC: [-122]
SCC: [-131]
SCC: [-133]
SCC: [-134]
SCC: [-139]
SCC: [-151]
SCC: [-158]
SCC: [-164]
SCC: [-168]
SCC: [281]
SCC: [-90]
SCC: [382]
SCC: [-169]
SCC: [127]
SCC: [-175]
SCC: [-180]
SCC: [-181]
SCC: [-192]
SCC: [-193]
SCC: [-197]
SCC: [-200]
SCC: [-207]
SCC: [-97]
SCC: [-209]
SCC: [-212]
SCC: [-214]
SCC: [-217]
SCC: [-195]
SCC: [-221]
SCC: [-229]
SCC: [-233]
SCC: [474]
SCC: [-247]
SCC: [-251]
SCC: [-255]
SCC: [-256]
SCC: [-259]
SCC: [-264]
SCC: [-266]
SCC: [-272]
SCC: [-280]
SCC: [-218]
SCC: [-307]
SCC: [-318]
SCC: [-323]
SCC: [-326]
SCC: [-333]
SCC: [263]
SCC: [315]
SCC: [31]
SCC: [-334]
SCC: [-335]
SCC: [-337]
SCC: [-129]
SCC: [-278]
SCC: [-143]
SCC: [-365]
SCC: [-373]
SCC: [-292]
SCC: [-382]
SCC: [-385]
SCC: [-391]
SCC: [-394]
SCC: [-397]
SCC: [242]
SCC: [-410]
SCC: [-413]
SCC: [-433]
SCC: [-439]
SCC: [-88]
SCC: [-404]
SCC: [-162]
SCC: [-431]
SCC: [95]
SCC: [-440]
SCC: [-442]
SCC: [-443]
SCC: [-446]
SCC: [-456]
SCC: [-427]
SCC: [46]
SCC: [463]
SCC: [56]
SCC: [-289]
SCC: [341]
SCC: [144]
SCC: [462]
SCC: [-132]
SCC: [450]
SCC: [-463]
SCC: [-46]
SCC: [-468]
SCC: [-469]
SCC: [-471]
SCC: [-290]
SCC: [-475]
SCC: [-476]
SCC: [-478]
SCC: [-481]
SCC: [-346]
SCC: [-486]
SCC: [13]
SCC: [98]
SCC: [420]
SCC: [-490]
SCC: [-361]
SCC: [-496]
SCC: [-497]
SCC: [319, 457, 71, -417, 29, 416, 384, 61, -52, 260, -170, 49, -140, -146, 407, 455, -454, 53, 411, -43, -470, -461, 44, 174, -136, 92, 267, 182, -437, 152, -150, 176, -73, -224, 189, -54, -498, 155, -369, -269, 173, -379, 364, -376, 491, 367, -76, -340, 312, -347, 422, -279, -342, -28, -165, 425, 70, -409, 184, 18, -67, -282, 213, -349, 291, -257, -429, -329, 24, -354, -16, 191, 161, -117, -2, 284, -403, 124, -96, -381, -41, -60, -116, 104, 79, -298, -183, -372, 19, 338, -423, 268, 374, -399, 499, -387, 194, -72, 106, 130, 84, -156, -188, 388, 59, -472, -425, 73, 340, -176, 150, -152, 76, -367, -312, -491, 376, 86, -348, 409, 464, -189, 224, -135, -70, 322, 85, 434, -198, -223, -35, -300, 480, 380, 236, -91, -328, -332, 325, 368, 94, 190, 299, 273, 330, -228, 314, 109, 419, -109, 101, -65, 498, -206, -226, -270, -467, 400, 445, -57, -364, 354, 379, -173, 390, -287, 269, 369, -155, 254, 331, -274, 287, 188, 156, -84, 294, 265, 494, -458, 30, -232, -324, 488, -239, -252, -317, -25, 277, 244, -311, -363, -359, -9, -130, -106, 72, -194, 387, -241, -154, 54, -407, -314, 146, 240, 154, 458, -494, 204, 241, 437, -182, -92, 136, -174, -74, 389, -402, 160, -455, 231, -94, -55, -87, -5, -250, -426, -7, -20, 250, 279, -422, 399, -374, -268, -284, -243, -145, 253, -267, -316, 227, 398, 308, 286, -66, 414, -149, 80, 451, -24, 329, -240, 429, 126, 482, 261, 157, -336, 248, 298, -79, -393, -380, -457, -319, -125, 309, 421, 395, 452, -285, -248, 165, 28, 342, -416, 270, 327, -370, -384, 42, 163, 108, 275, 246, -29, -77, 177, 52, 43, 370, 417, 35, -262, -203, 147, -383, -411, -53, -71, 128, -38, 293, 276, 37, 121, -219, 10, 485, 377, -297, 357, -114, -473, 383, -147, 203, 262, -246, 9, 359, 363, -244, -277, 25, 317, 252, 239, -265, -294, -368, -325, -309, 125, -392, 48, -418, 216, 447, 310, 336, -261, -482, -126, 405, 153, 220, -283, -460, 296, 47, -123, 366, -215, 83, 117, 148, -160, -389, 74, 2, -434, -85, 50, 167, -360, -424, -185, -93, 412, -245, 205, -428, 358, -378, -111, 465, -199, 311, 430, -489, 343, -78, -202, -17, 110, 64, -237, -495, -275, 23, 406, -14, -177, -254, -464, -45, 324, 232, 32, -235, 473, -18, -184, 114, 283, -220, 198, -157, -466, 199, -44, -153, -405, 454, -459, 238, -141, -355, -401, -166, -172, -8, -216, 418, -48, 392, -465, 202, 378, -358, -30, 140, -49, -291, 349, -61, 386, 99, -208, -441, 123, -47, -296, 460, 170, -260, 14, -406, -23, 237, 96, -124, -213, -479, 282, 67, -64, -110, 17, 78, -343, 489, -430, -271, 234, 372, 183, 472, -59, -19, -451, -204, 226, 41, 381, 347, -320, 428, -205, -351, -36, 245, -412, 93, 495, -167, -50, -310, -447, -299, -190, -483, -388, 20, 426, 5, 55, 87, -231, 135, 210, 8, 172, 166, 401, 355, -101, 441, 208, -99, -386, 185, 424, 360, -210, -488, -322, -161, -191, 16, 257, 36, -357, 297, -103, 483, 402, -104, 116, -108, -42, 60, -159, -377, -485, -10, 219, -121, -37, -276, -293, 403, 38, -128, 77, 159, 393, 461, 470, -390, 75, 4, -21, -179, 235, -32, 45, 348, -86, 57, 274, -331, -445, -400, 467, 206, 179, 65, 423, 103, -338, -327, 187, -148, -163, -83, 215, -366, 21, -4, -75, -80, -414, 66, 479, -286, -308, -234, 271, 149, -398, 111, -227, 316, -253, 145, 243, 332, 328, 320, 91, 285, -452, -236, -480, 300, 223, 141, -238, 459, 466, -187, -419, 228, -330, -273, -395, -421, 7, 351, -499]
SCC: [334]
SCC: [-288]
SCC: [-119]
SCC: [469]
SCC: [497]
SCC: [-225]
SCC: [-222]
SCC: [-344]
SCC: [323]
SCC: [-339]
SCC: [-371]
SCC: [-211]
SCC: [134]
SCC: [-118]
SCC: [33]
SCC: [-415]
SCC: [-356]
SCC: [-82]
SCC: [-95]
SCC: [326]
SCC: [131]
SCC: [413]
SCC: [229]
SCC: [89]
SCC: [212]
SCC: [-438]
SCC: [-201]
SCC: [90]
SCC: [-281]
SCC: [168]
SCC: [221]
SCC: [307]
SCC: [-313]
SCC: [51]
SCC: [292]
SCC: [-353]
SCC: [151]
SCC: [-408]
SCC: [192]
SCC: [475]
SCC: [476]
SCC: [443]
SCC: [102]
SCC: [272]
SCC: [11]
SCC: [115]
SCC: [133]
SCC: [-22]
SCC: [-196]
SCC: [373]
SCC: [256]
SCC: [39]
SCC: [-420]
SCC: [-98]
SCC: [-13]
SCC: [486]
SCC: [-432]
SCC: [-345]
SCC: [-120]
SCC: [158]
SCC: [-186]
SCC: [433]
SCC: [-113]
SCC: [-100]
SCC: [-137]
SCC: [1]
SCC: [-436]
SCC: [-295]
SCC: [410]
SCC: [-112]
SCC: [-6]
SCC: [214]
SCC: [-449]
SCC: [-493]
SCC: [385]
SCC: [-144]
SCC: [-450]
SCC: [193]
SCC: [431]
SCC: [162]
SCC: [404]
SCC: [88]
SCC: [439]
SCC: [-69]
SCC: [132]
SCC: [81]
SCC: [-171]
SCC: [-477]
SCC: [143]
SCC: [278]
SCC: [129]
SCC: [337]
SCC: [-352]
SCC: [-315]
SCC: [-304]
SCC: [394]
SCC: [247]
SCC: [107]
SCC: [-242]
SCC: [397]
SCC: [26]
SCC: [-321]
SCC: [-474]
SCC: [233]
SCC: [346]
SCC: [481]
SCC: [496]
SCC: [-303]
SCC: [-448]
SCC: [-249]
SCC: [440]
SCC: [-302]
SCC: [195]
SCC: [-487]
SCC: [-34]
SCC: [105]
SCC: [-362]
SCC: [-350]
SCC: [-306]
SCC: [-305]
SCC: [478]
SCC: [-263]
SCC: [333]
SCC: [-444]
SCC: [361]
SCC: [490]
SCC: [180]
SCC: [391]
SCC: [207]
SCC: [-301]
SCC: [-68]
SCC: [-435]
SCC: [-341]
SCC: [-396]
SCC: [-462]
SCC: [289]
SCC: [-56]
SCC: [427]
SCC: [456]
SCC: [-258]
SCC: [-484]
SCC: [40]
SCC: [-62]
SCC: [218]
SCC: [290]
SCC: [471]
SCC: [446]
SCC: [264]
SCC: [-12]
SCC: [217]
SCC: [-453]
SCC: [139]
SCC: [164]
SCC: [-230]
SCC: [280]
SCC: [-3]
SCC: [-27]
SCC: [-138]
SCC: [-375]
SCC: [-15]
SCC: [-492]
SCC: [209]
SCC: [-127]
SCC: [169]
SCC: [-178]
SCC: [-142]
SCC: [122]
SCC: [-500]

----------------------------------------
